3.7 3.34853 2.5 1.65147 1.3 1.65147 2.5 3.34853 
2.92426 2.24142 1.55858 1.27574 1.55858 2.24142 2.92426 3.20711 
1.9 1.61716 1.5 1.61716 1.9 2.18284 2.3 2.18284 
2.07574 2.12426 2.07574 1.95858 1.84142 1.79289 1.84142 1.95858 
2.5 2.38284 2.1 1.81716 1.7 1.81716 2.1 2.38284 
2.07574 1.95858 1.84142 1.79289 1.84142 1.95858 2.07574 2.12426 
1.9 2.18284 2.3 2.18284 1.9 1.61716 1.5 1.61716 
2.92426 3.20711 2.92426 2.24142 1.55858 1.27574 1.55858 2.24142 

3.4364 2.8364 1.98787 1.38787 1.38787 1.98787 2.8364 3.4364 
2.41213 1.72929 1.24645 1.24645 1.72929 2.41213 2.89497 2.89497 
1.68787 1.48787 1.48787 1.68787 1.97071 2.17071 2.17071 1.97071 
2.11213 2.11213 2.02929 1.91213 1.82929 1.82929 1.91213 2.02929 
2.41213 2.21213 1.92929 1.72929 1.72929 1.92929 2.21213 2.41213 
1.98787 1.87071 1.78787 1.78787 1.87071 1.98787 2.07071 2.07071 
2.11213 2.31213 2.31213 2.11213 1.82929 1.62929 1.62929 1.82929 
3.1364 3.1364 2.65355 1.97071 1.48787 1.48787 1.97071 2.65355 

2.8 2.2 1.6 1.35147 1.6 2.2 2.8 3.04853 
1.9 1.41716 1.21716 1.41716 1.9 2.38284 2.58284 2.38284 
1.6 1.51716 1.6 1.8 2 2.08284 2 1.8 
2.07574 2.04142 1.95858 1.87574 1.84142 1.87574 1.95858 2.04142 
2.2 2 1.8 1.71716 1.8 2 2.2 2.28284 
1.9 1.81716 1.78284 1.81716 1.9 1.98284 2.01716 1.98284 
2.2 2.28284 2.2 2 1.8 1.71716 1.8 2 
2.92426 2.72426 2.24142 1.75858 1.55858 1.75858 2.24142 2.72426 

2.1636 1.81213 1.5636 1.5636 1.81213 2.1636 2.41213 2.41213 
1.68787 1.48787 1.48787 1.68787 1.97071 2.17071 2.17071 1.97071 
1.68787 1.68787 1.77071 1.88787 1.97071 1.97071 1.88787 1.77071 
1.98787 1.95355 1.90503 1.87071 1.87071 1.90503 1.95355 1.98787 
1.98787 1.87071 1.78787 1.78787 1.87071 1.98787 2.07071 2.07071 
1.8636 1.82929 1.82929 1.8636 1.91213 1.94645 1.94645 1.91213 
2.11213 2.11213 2.02929 1.91213 1.82929 1.82929 1.91213 2.02929 
2.41213 2.21213 1.92929 1.72929 1.72929 1.92929 2.21213 2.41213 

1.9 1.9 1.9 1.9 1.9 1.9 1.9 1.9 
1.9 1.9 1.9 1.9 1.9 1.9 1.9 1.9 
1.9 1.9 1.9 1.9 1.9 1.9 1.9 1.9 
1.9 1.9 1.9 1.9 1.9 1.9 1.9 1.9 
1.9 1.9 1.9 1.9 1.9 1.9 1.9 1.9 
1.9 1.9 1.9 1.9 1.9 1.9 1.9 1.9 
1.9 1.9 1.9 1.9 1.9 1.9 1.9 1.9 
1.9 1.9 1.9 1.9 1.9 1.9 1.9 1.9 

2.1636 2.41213 2.41213 2.1636 1.81213 1.5636 1.5636 1.81213 
2.41213 2.41213 2.21213 1.92929 1.72929 1.72929 1.92929 2.21213 
2.11213 2.02929 1.91213 1.82929 1.82929 1.91213 2.02929 2.11213 
1.8636 1.91213 1.94645 1.94645 1.91213 1.8636 1.82929 1.82929 
1.98787 2.07071 2.07071 1.98787 1.87071 1.78787 1.78787 1.87071 
1.98787 1.98787 1.95355 1.90503 1.87071 1.87071 1.90503 1.95355 
1.68787 1.77071 1.88787 1.97071 1.97071 1.88787 1.77071 1.68787 
1.68787 1.97071 2.17071 2.17071 1.97071 1.68787 1.48787 1.48787 

2.8 3.04853 2.8 2.2 1.6 1.35147 1.6 2.2 
2.92426 2.72426 2.24142 1.75858 1.55858 1.75858 2.24142 2.72426 
2.2 2 1.8 1.71716 1.8 2 2.2 2.28284 
1.9 1.98284 2.01716 1.98284 1.9 1.81716 1.78284 1.81716 
2.2 2.28284 2.2 2 1.8 1.71716 1.8 2 
2.07574 2.04142 1.95858 1.87574 1.84142 1.87574 1.95858 2.04142 
1.6 1.8 2 2.08284 2 1.8 1.6 1.51716 
1.9 2.38284 2.58284 2.38284 1.9 1.41716 1.21716 1.41716 

3.4364 3.4364 2.8364 1.98787 1.38787 1.38787 1.98787 2.8364 
3.1364 2.65355 1.97071 1.48787 1.48787 1.97071 2.65355 3.1364 
2.11213 1.82929 1.62929 1.62929 1.82929 2.11213 2.31213 2.31213 
1.98787 2.07071 2.07071 1.98787 1.87071 1.78787 1.78787 1.87071 
2.41213 2.41213 2.21213 1.92929 1.72929 1.72929 1.92929 2.21213 
2.11213 2.02929 1.91213 1.82929 1.82929 1.91213 2.02929 2.11213 
1.68787 1.97071 2.17071 2.17071 1.97071 1.68787 1.48787 1.48787 
2.41213 2.89497 2.89497 2.41213 1.72929 1.24645 1.24645 1.72929 


2.11677 2.11382 2.10668 2.09955 2.09659 2.09955 2.10668 2.11382 
2.09259 2.08754 2.08041 2.07537 2.07538 2.08043 2.08756 2.0926 
2.05659 2.05155 2.04652 2.04444 2.04653 2.05157 2.0566 2.05868 
2.05226 2.04931 2.04723 2.04722 2.0493 2.05225 2.05433 2.05434 
2.05974 2.05973 2.05972 2.05972 2.05971 2.05972 2.05972 2.05973 
2.05226 2.05434 2.05433 2.05225 2.0493 2.04722 2.04723 2.04931 
2.05659 2.05868 2.0566 2.05157 2.04653 2.04444 2.04652 2.05155 
2.09259 2.0926 2.08756 2.08043 2.07538 2.07537 2.08041 2.08754 

2.08896 2.08391 2.07678 2.07173 2.07173 2.07677 2.08391 2.08895 
2.05384 2.0483 2.04277 2.04048 2.04278 2.04832 2.05385 2.05613 
2.01977 2.01584 2.01307 2.01308 2.01586 2.01979 2.02256 2.02255 
2.02637 2.0252 2.02471 2.0252 2.02637 2.02754 2.02803 2.02754 
2.04626 2.04736 2.04735 2.04624 2.04467 2.04356 2.04357 2.04468 
2.04812 2.04971 2.04811 2.04425 2.0404 2.03881 2.04041 2.04426 
2.05438 2.05438 2.05004 2.0439 2.03956 2.03955 2.04389 2.05004 
2.08104 2.0783 2.07166 2.06502 2.06226 2.065 2.07164 2.07828 

2.02181 2.01676 2.01171 2.00962 2.0117 2.01675 2.0218 2.02389 
1.98748 1.98355 1.98076 1.98077 1.98355 1.98749 1.99027 1.99027 
1.96548 1.96382 1.96313 1.96383 1.9655 1.96717 1.96785 1.96716 
1.98562 1.98605 1.98605 1.98563 1.98503 1.98461 1.9846 1.98503 
2.01372 2.01482 2.01371 2.01102 2.00834 2.00723 2.00835 2.01104 
2.01638 2.01637 2.013 2.00823 2.00487 2.00488 2.00825 2.01301 
2.01443 2.01218 2.00672 2.00127 1.99902 2.00127 2.00672 2.01217 
2.02596 2.02161 2.01547 2.01112 2.01111 2.01545 2.0216 2.02595 

1.95465 1.9517 1.9496 1.9496 1.95168 1.95464 1.95673 1.95674 
1.9324 1.93121 1.93072 1.93121 1.9324 1.93359 1.93408 1.93359 
1.92554 1.92596 1.92596 1.92555 1.92496 1.92454 1.92454 1.92495 
1.95388 1.9548 1.95389 1.9517 1.9495 1.94859 1.94949 1.95169 
1.98118 1.98117 1.97849 1.97469 1.97201 1.97201 1.9747 1.97849 
1.97563 1.97385 1.96957 1.9653 1.96353 1.96531 1.96959 1.97386 
1.96015 1.95678 1.95202 1.94866 1.94866 1.95203 1.95679 1.96015 
1.9596 1.95575 1.95189 1.95029 1.95188 1.95574 1.95959 1.96119 

1.92684 1.92683 1.92683 1.92682 1.92682 1.92682 1.92683 1.92683 
1.92085 1.92195 1.92195 1.92084 1.91928 1.91818 1.91818 1.91929 
1.92332 1.92444 1.92333 1.92066 1.91799 1.91687 1.91798 1.92065 
1.94974 1.94975 1.94707 1.94328 1.9406 1.94059 1.94327 1.94706 
1.9677 1.96613 1.96233 1.95854 1.95696 1.95854 1.96233 1.96613 
1.94974 1.94706 1.94327 1.94059 1.9406 1.94328 1.94707 1.94975 
1.92332 1.92065 1.91798 1.91687 1.91799 1.92066 1.92333 1.92444 
1.92085 1.91929 1.91818 1.91818 1.91928 1.92084 1.92195 1.92195 

1.95465 1.95674 1.95673 1.95464 1.95168 1.9496 1.9496 1.9517 
1.9596 1.96119 1.95959 1.95574 1.95188 1.95029 1.95189 1.95575 
1.96015 1.96015 1.95679 1.95203 1.94866 1.94866 1.95202 1.95678 
1.97563 1.97386 1.96959 1.96531 1.96353 1.9653 1.96957 1.97385 
1.98118 1.97849 1.9747 1.97201 1.97201 1.97469 1.97849 1.98117 
1.95388 1.95169 1.94949 1.94859 1.9495 1.9517 1.95389 1.9548 
1.92554 1.92495 1.92454 1.92454 1.92496 1.92555 1.92596 1.92596 
1.9324 1.93359 1.93408 1.93359 1.9324 1.93121 1.93072 1.93121 

2.02181 2.02389 2.0218 2.01675 2.0117 2.00962 2.01171 2.01676 
2.02596 2.02595 2.0216 2.01545 2.01111 2.01112 2.01547 2.02161 
2.01443 2.01217 2.00672 2.00127 1.99902 2.00127 2.00672 2.01218 
2.01638 2.01301 2.00825 2.00488 2.00487 2.00823 2.013 2.01637 
2.01372 2.01104 2.00835 2.00723 2.00834 2.01102 2.01371 2.01482 
1.98562 1.98503 1.9846 1.98461 1.98503 1.98563 1.98605 1.98605 
1.96548 1.96716 1.96785 1.96717 1.9655 1.96383 1.96313 1.96382 
1.98748 1.99027 1.99027 1.98749 1.98355 1.98077 1.98076 1.98355 

2.08896 2.08895 2.08391 2.07677 2.07173 2.07173 2.07678 2.08391 
2.08104 2.07828 2.07164 2.065 2.06226 2.06502 2.07166 2.0783 
2.05438 2.05004 2.04389 2.03955 2.03956 2.0439 2.05004 2.05438 
2.04812 2.04426 2.04041 2.03881 2.0404 2.04425 2.04811 2.04971 
2.04626 2.04468 2.04357 2.04356 2.04467 2.04624 2.04735 2.04736 
2.02637 2.02754 2.02803 2.02754 2.02637 2.0252 2.02471 2.0252 
2.01977 2.02255 2.02256 2.01979 2.01586 2.01308 2.01307 2.01584 
2.05384 2.05613 2.05385 2.04832 2.04278 2.04048 2.04277 2.0483 


2.05187 2.05182 2.0517 2.05159 2.05154 2.05159 2.0517 2.05182 
2.04861 2.04852 2.04841 2.04833 2.04833 2.04841 2.04852 2.04861 
2.04352 2.04344 2.04336 2.04332 2.04336 2.04344 2.04352 2.04355 
2.04236 2.04232 2.04228 2.04228 2.04232 2.04236 2.0424 2.0424 
2.04304 2.04304 2.04304 2.04304 2.04304 2.04304 2.04304 2.04304 
2.04236 2.0424 2.0424 2.04236 2.04232 2.04228 2.04228 2.04232 
2.04352 2.04355 2.04352 2.04344 2.04336 2.04332 2.04336 2.04344 
2.04861 2.04861 2.04852 2.04841 2.04833 2.04833 2.04841 2.04852 

2.03729 2.03721 2.03709 2.03701 2.03701 2.03709 2.03721 2.03729 
2.03222 2.03214 2.03205 2.03202 2.03205 2.03214 2.03222 2.03226 
2.02717 2.02712 2.02708 2.02708 2.02712 2.02717 2.02721 2.02721 
2.02782 2.02782 2.02781 2.02782 2.02782 2.02783 2.02783 2.02783 
2.03099 2.03102 2.03102 2.03099 2.03095 2.03093 2.03093 2.03095 
2.0321 2.03213 2.0321 2.03202 2.03195 2.03192 2.03195 2.03202 
2.03329 2.03329 2.03321 2.0331 2.03302 2.03302 2.0331 2.03321 
2.0366 2.03655 2.03644 2.03633 2.03628 2.03633 2.03644 2.03655 

2.00209 2.00201 2.00193 2.0019 2.00193 2.00201 2.00209 2.00213 
1.99704 1.99699 1.99695 1.99695 1.99699 1.99704 1.99708 1.99708 
1.99382 1.99381 1.99381 1.99381 1.99382 1.99383 1.99383 1.99383 
1.99699 1.99701 1.99701 1.99699 1.99696 1.99693 1.99693 1.99696 
2.00192 2.00194 2.00192 2.00185 2.00178 2.00175 2.00178 2.00185 
2.00303 2.00303 2.00296 2.00286 2.00279 2.00279 2.00286 2.00296 
2.00247 2.00243 2.00232 2.00221 2.00217 2.00221 2.00232 2.00243 
2.00323 2.00316 2.00305 2.00297 2.00297 2.00305 2.00316 2.00323 

1.9669 1.96685 1.96682 1.96682 1.96685 1.9669 1.96693 1.96693 
1.96368 1.96367 1.96367 1.96367 1.96368 1.96368 1.96369 1.96368 
1.963 1.96303 1.96303 1.963 1.96297 1.96295 1.96295 1.96297 
1.96793 1.96795 1.96793 1.96786 1.9678 1.96777 1.9678 1.96786 
1.97284 1.97284 1.97277 1.97267 1.97261 1.97261 1.97267 1.97277 
1.9722 1.97216 1.97206 1.97196 1.97192 1.97196 1.97206 1.97216 
1.96912 1.96905 1.96895 1.96887 1.96887 1.96895 1.96905 1.96912 
1.96805 1.96798 1.9679 1.96787 1.9679 1.96798 1.96805 1.96808 

1.95232 1.95232 1.95232 1.95232 1.95232 1.95232 1.95232 1.95232 
1.95167 1.9517 1.9517 1.95167 1.95163 1.9516 1.9516 1.95163 
1.95277 1.9528 1.95277 1.9527 1.95264 1.95261 1.95264 1.9527 
1.95766 1.95766 1.95759 1.9575 1.95743 1.95743 1.9575 1.95759 
1.96079 1.96075 1.96066 1.96056 1.96052 1.96056 1.96066 1.96075 
1.95766 1.95759 1.9575 1.95743 1.95743 1.9575 1.95759 1.95766 
1.95277 1.9527 1.95264 1.95261 1.95264 1.9527 1.95277 1.9528 
1.95167 1.95163 1.9516 1.9516 1.95163 1.95167 1.9517 1.9517 

1.9669 1.96693 1.96693 1.9669 1.96685 1.96682 1.96682 1.96685 
1.96805 1.96808 1.96805 1.96798 1.9679 1.96787 1.9679 1.96798 
1.96912 1.96912 1.96905 1.96895 1.96887 1.96887 1.96895 1.96905 
1.9722 1.97216 1.97206 1.97196 1.97192 1.97196 1.97206 1.97216 
1.97284 1.97277 1.97267 1.97261 1.97261 1.97267 1.97277 1.97284 
1.96793 1.96786 1.9678 1.96777 1.9678 1.96786 1.96793 1.96795 
1.963 1.96297 1.96295 1.96295 1.96297 1.963 1.96303 1.96303 
1.96368 1.96368 1.96369 1.96368 1.96368 1.96367 1.96367 1.96367 

2.00209 2.00213 2.00209 2.00201 2.00193 2.0019 2.00193 2.00201 
2.00323 2.00323 2.00316 2.00305 2.00297 2.00297 2.00305 2.00316 
2.00247 2.00243 2.00232 2.00221 2.00217 2.00221 2.00232 2.00243 
2.00303 2.00296 2.00286 2.00279 2.00279 2.00286 2.00296 2.00303 
2.00192 2.00185 2.00178 2.00175 2.00178 2.00185 2.00192 2.00194 
1.99699 1.99696 1.99693 1.99693 1.99696 1.99699 1.99701 1.99701 
1.99382 1.99383 1.99383 1.99383 1.99382 1.99381 1.99381 1.99381 
1.99704 1.99708 1.99708 1.99704 1.99699 1.99695 1.99695 1.99699 

2.03729 2.03729 2.03721 2.03709 2.03701 2.03701 2.03709 2.03721 
2.0366 2.03655 2.03644 2.03633 2.03628 2.03633 2.03644 2.03655 
2.03329 2.03321 2.0331 2.03302 2.03302 2.0331 2.03321 2.03329 
2.0321 2.03202 2.03195 2.03192 2.03195 2.03202 2.0321 2.03213 
2.03099 2.03095 2.03093 2.03093 2.03095 2.03099 2.03102 2.03102 
2.02782 2.02783 2.02783 2.02783 2.02782 2.02782 2.02781 2.02782 
2.02717 2.02721 2.02721 2.02717 2.02712 2.02708 2.02708 2.02712 
2.03222 2.03226 2.03222 2.03214 2.03205 2.03202 2.03205 2.03214 


2.03174 2.03174 2.03174 2.03174 2.03174 2.03174 2.03174 2.03174 
2.03122 2.03122 2.03121 2.03121 2.03121 2.03121 2.03122 2.03122 
2.03033 2.03033 2.03032 2.03032 2.03032 2.03033 2.03033 2.03033 
2.02997 2.02997 2.02997 2.02997 2.02997 2.02997 2.02997 2.02997 
2.02998 2.02998 2.02998 2.02998 2.02998 2.02998 2.02998 2.02998 
2.02997 2.02997 2.02997 2.02997 2.02997 2.02997 2.02997 2.02997 
2.03033 2.03033 2.03033 2.03033 2.03032 2.03032 2.03032 2.03033 
2.03122 2.03122 2.03122 2.03121 2.03121 2.03121 2.03121 2.03122 

2.02253 2.02252 2.02252 2.02252 2.02252 2.02252 2.02252 2.02253 
2.02164 2.02163 2.02163 2.02163 2.02163 2.02163 2.02164 2.02164 
2.02075 2.02074 2.02074 2.02074 2.02074 2.02075 2.02075 2.02075 
2.02076 2.02076 2.02076 2.02076 2.02076 2.02076 2.02076 2.02076 
2.02128 2.02128 2.02128 2.02128 2.02128 2.02128 2.02128 2.02128 
2.02163 2.02163 2.02163 2.02163 2.02163 2.02163 2.02163 2.02163 
2.02199 2.02199 2.02199 2.02198 2.02198 2.02198 2.02198 2.02199 
2.02251 2.02251 2.02251 2.02251 2.02251 2.02251 2.02251 2.02251 

2.00027 2.00027 2.00027 2.00027 2.00027 2.00027 2.00027 2.00027 
1.99938 1.99938 1.99938 1.99938 1.99938 1.99938 1.99938 1.99938 
1.99886 1.99886 1.99886 1.99886 1.99886 1.99886 1.99886 1.99886 
1.99938 1.99938 1.99938 1.99938 1.99938 1.99938 1.99938 1.99938 
2.00027 2.00027 2.00027 2.00027 2.00026 2.00026 2.00026 2.00027 
2.00062 2.00062 2.00062 2.00062 2.00061 2.00061 2.00062 2.00062 
2.00061 2.00061 2.00061 2.00061 2.00061 2.00061 2.00061 2.00061 
2.00062 2.00062 2.00062 2.00062 2.00062 2.00062 2.00062 2.00062 

1.97802 1.97802 1.97802 1.97802 1.97802 1.97802 1.97802 1.97802 
1.97749 1.97749 1.97749 1.97749 1.97749 1.97749 1.97749 1.97749 
1.97748 1.97748 1.97748 1.97748 1.97748 1.97748 1.97748 1.97748 
1.97837 1.97837 1.97837 1.97837 1.97836 1.97836 1.97836 1.97837 
1.97925 1.97925 1.97925 1.97925 1.97925 1.97925 1.97925 1.97925 
1.97924 1.97924 1.97924 1.97924 1.97924 1.97924 1.97924 1.97924 
1.97872 1.97872 1.97872 1.97872 1.97872 1.97872 1.97872 1.97872 
1.97837 1.97837 1.97837 1.97837 1.97837 1.97837 1.97837 1.97837 

1.9688 1.9688 1.9688 1.9688 1.9688 1.9688 1.9688 1.9688 
1.96879 1.96879 1.96879 1.96879 1.96879 1.96879 1.96879 1.96879 
1.96914 1.96914 1.96914 1.96914 1.96914 1.96914 1.96914 1.96914 
1.97003 1.97003 1.97002 1.97002 1.97002 1.97002 1.97002 1.97002 
1.97055 1.97055 1.97055 1.97054 1.97054 1.97054 1.97055 1.97055 
1.97003 1.97002 1.97002 1.97002 1.97002 1.97002 1.97002 1.97003 
1.96914 1.96914 1.96914 1.96914 1.96914 1.96914 1.96914 1.96914 
1.96879 1.96879 1.96879 1.96879 1.96879 1.96879 1.96879 1.96879 

1.97802 1.97802 1.97802 1.97802 1.97802 1.97802 1.97802 1.97802 
1.97837 1.97837 1.97837 1.97837 1.97837 1.97837 1.97837 1.97837 
1.97872 1.97872 1.97872 1.97872 1.97872 1.97872 1.97872 1.97872 
1.97924 1.97924 1.97924 1.97924 1.97924 1.97924 1.97924 1.97924 
1.97925 1.97925 1.97925 1.97925 1.97925 1.97925 1.97925 1.97925 
1.97837 1.97837 1.97836 1.97836 1.97836 1.97837 1.97837 1.97837 
1.97748 1.97748 1.97748 1.97748 1.97748 1.97748 1.97748 1.97748 
1.97749 1.97749 1.97749 1.97749 1.97749 1.97749 1.97749 1.97749 

2.00027 2.00027 2.00027 2.00027 2.00027 2.00027 2.00027 2.00027 
2.00062 2.00062 2.00062 2.00062 2.00062 2.00062 2.00062 2.00062 
2.00061 2.00061 2.00061 2.00061 2.00061 2.00061 2.00061 2.00061 
2.00062 2.00062 2.00062 2.00061 2.00061 2.00062 2.00062 2.00062 
2.00027 2.00027 2.00026 2.00026 2.00026 2.00027 2.00027 2.00027 
1.99938 1.99938 1.99938 1.99938 1.99938 1.99938 1.99938 1.99938 
1.99886 1.99886 1.99886 1.99886 1.99886 1.99886 1.99886 1.99886 
1.99938 1.99938 1.99938 1.99938 1.99938 1.99938 1.99938 1.99938 

2.02253 2.02253 2.02252 2.02252 2.02252 2.02252 2.02252 2.02252 
2.02251 2.02251 2.02251 2.02251 2.02251 2.02251 2.02251 2.02251 
2.02199 2.02199 2.02198 2.02198 2.02198 2.02198 2.02199 2.02199 
2.02163 2.02163 2.02163 2.02163 2.02163 2.02163 2.02163 2.02163 
2.02128 2.02128 2.02128 2.02128 2.02128 2.02128 2.02128 2.02128 
2.02076 2.02076 2.02076 2.02076 2.02076 2.02076 2.02076 2.02076 
2.02075 2.02075 2.02075 2.02075 2.02074 2.02074 2.02074 2.02074 
2.02164 2.02164 2.02164 2.02163 2.02163 2.02163 2.02163 2.02163 


2.02083 2.02083 2.02083 2.02083 2.02083 2.02083 2.02083 2.02083 
2.02074 2.02074 2.02074 2.02074 2.02074 2.02074 2.02074 2.02074 
2.02058 2.02058 2.02058 2.02058 2.02058 2.02058 2.02058 2.02058 
2.02049 2.02049 2.02049 2.02049 2.02049 2.02049 2.02049 2.02049 
2.02047 2.02047 2.02047 2.02047 2.02047 2.02047 2.02047 2.02047 
2.02049 2.02049 2.02049 2.02049 2.02049 2.02049 2.02049 2.02049 
2.02058 2.02058 2.02058 2.02058 2.02058 2.02058 2.02058 2.02058 
2.02074 2.02074 2.02074 2.02074 2.02074 2.02074 2.02074 2.02074 

2.01474 2.01474 2.01474 2.01474 2.01474 2.01474 2.01474 2.01474 
2.01458 2.01458 2.01458 2.01458 2.01458 2.01458 2.01458 2.01458 
2.01441 2.01441 2.01441 2.01441 2.01441 2.01441 2.01441 2.01441 
2.0144 2.0144 2.0144 2.0144 2.0144 2.0144 2.0144 2.0144 
2.01449 2.01449 2.01449 2.01449 2.01449 2.01449 2.01449 2.01449 
2.01458 2.01458 2.01458 2.01458 2.01458 2.01458 2.01458 2.01458 
2.01467 2.01467 2.01467 2.01467 2.01467 2.01467 2.01467 2.01467 
2.01476 2.01476 2.01476 2.01476 2.01476 2.01476 2.01476 2.01476 

2.00004 2.00004 2.00004 2.00004 2.00004 2.00004 2.00004 2.00004 
1.99987 1.99987 1.99987 1.99987 1.99987 1.99987 1.99987 1.99987 
1.99978 1.99978 1.99978 1.99978 1.99978 1.99978 1.99978 1.99978 
1.99987 1.99987 1.99987 1.99987 1.99987 1.99987 1.99987 1.99987 
2.00004 2.00004 2.00004 2.00004 2.00004 2.00004 2.00004 2.00004 
2.00013 2.00013 2.00013 2.00013 2.00013 2.00013 2.00013 2.00013 
2.00014 2.00014 2.00014 2.00014 2.00014 2.00014 2.00014 2.00014 
2.00013 2.00013 2.00013 2.00013 2.00013 2.00013 2.00013 2.00013 

1.98533 1.98533 1.98533 1.98533 1.98533 1.98533 1.98533 1.98533 
1.98524 1.98524 1.98524 1.98524 1.98524 1.98524 1.98524 1.98524 
1.98526 1.98526 1.98526 1.98526 1.98526 1.98526 1.98526 1.98526 
1.98542 1.98542 1.98542 1.98542 1.98542 1.98542 1.98542 1.98542 
1.98559 1.98559 1.98559 1.98559 1.98559 1.98559 1.98559 1.98559 
1.9856 1.9856 1.9856 1.9856 1.9856 1.9856 1.9856 1.9856 
1.98551 1.98551 1.98551 1.98551 1.98551 1.98551 1.98551 1.98551 
1.98542 1.98542 1.98542 1.98542 1.98542 1.98542 1.98542 1.98542 

1.97924 1.97924 1.97924 1.97924 1.97924 1.97924 1.97924 1.97924 
1.97926 1.97926 1.97926 1.97926 1.97926 1.97926 1.97926 1.97926 
1.97935 1.97935 1.97935 1.97935 1.97935 1.97935 1.97935 1.97935 
1.97951 1.97951 1.97951 1.97951 1.97951 1.97951 1.97951 1.97951 
1.9796 1.9796 1.9796 1.9796 1.9796 1.9796 1.9796 1.9796 
1.97951 1.97951 1.97951 1.97951 1.97951 1.97951 1.97951 1.97951 
1.97935 1.97935 1.97935 1.97935 1.97935 1.97935 1.97935 1.97935 
1.97926 1.97926 1.97926 1.97926 1.97926 1.97926 1.97926 1.97926 

1.98533 1.98533 1.98533 1.98533 1.98533 1.98533 1.98533 1.98533 
1.98542 1.98542 1.98542 1.98542 1.98542 1.98542 1.98542 1.98542 
1.98551 1.98551 1.98551 1.98551 1.98551 1.98551 1.98551 1.98551 
1.9856 1.9856 1.9856 1.9856 1.9856 1.9856 1.9856 1.9856 
1.98559 1.98559 1.98559 1.98559 1.98559 1.98559 1.98559 1.98559 
1.98542 1.98542 1.98542 1.98542 1.98542 1.98542 1.98542 1.98542 
1.98526 1.98526 1.98526 1.98526 1.98526 1.98526 1.98526 1.98526 
1.98524 1.98524 1.98524 1.98524 1.98524 1.98524 1.98524 1.98524 

2.00004 2.00004 2.00004 2.00004 2.00004 2.00004 2.00004 2.00004 
2.00013 2.00013 2.00013 2.00013 2.00013 2.00013 2.00013 2.00013 
2.00014 2.00014 2.00014 2.00014 2.00014 2.00014 2.00014 2.00014 
2.00013 2.00013 2.00013 2.00013 2.00013 2.00013 2.00013 2.00013 
2.00004 2.00004 2.00004 2.00004 2.00004 2.00004 2.00004 2.00004 
1.99987 1.99987 1.99987 1.99987 1.99987 1.99987 1.99987 1.99987 
1.99978 1.99978 1.99978 1.99978 1.99978 1.99978 1.99978 1.99978 
1.99987 1.99987 1.99987 1.99987 1.99987 1.99987 1.99987 1.99987 

2.01474 2.01474 2.01474 2.01474 2.01474 2.01474 2.01474 2.01474 
2.01476 2.01476 2.01476 2.01476 2.01476 2.01476 2.01476 2.01476 
2.01467 2.01467 2.01467 2.01467 2.01467 2.01467 2.01467 2.01467 
2.01458 2.01458 2.01458 2.01458 2.01458 2.01458 2.01458 2.01458 
2.01449 2.01449 2.01449 2.01449 2.01449 2.01449 2.01449 2.01449 
2.0144 2.0144 2.0144 2.0144 2.0144 2.0144 2.0144 2.0144 
2.01441 2.01441 2.01441 2.01441 2.01441 2.01441 2.01441 2.01441 
2.01458 2.01458 2.01458 2.01458 2.01458 2.01458 2.01458 2.01458 


2.01393 2.01393 2.01393 2.01393 2.01393 2.01393 2.01393 2.01393 
2.01392 2.01392 2.01392 2.01392 2.01392 2.01392 2.01392 2.01392 
2.01389 2.01389 2.01389 2.01389 2.01389 2.01389 2.01389 2.01389 
2.01386 2.01386 2.01386 2.01386 2.01386 2.01386 2.01386 2.01386 
2.01386 2.01386 2.01386 2.01386 2.01386 2.01386 2.01386 2.01386 
2.01386 2.01386 2.01386 2.01386 2.01386 2.01386 2.01386 2.01386 
2.01389 2.01389 2.01389 2.01389 2.01389 2.01389 2.01389 2.01389 
2.01392 2.01392 2.01392 2.01392 2.01392 2.01392 2.01392 2.01392 

2.00985 2.00985 2.00985 2.00985 2.00985 2.00985 2.00985 2.00985 
2.00982 2.00982 2.00982 2.00982 2.00982 2.00982 2.00982 2.00982 
2.00979 2.00979 2.00979 2.00979 2.00979 2.00979 2.00979 2.00979 
2.00979 2.00979 2.00979 2.00979 2.00979 2.00979 2.00979 2.00979 
2.0098 2.0098 2.0098 2.0098 2.0098 2.0098 2.0098 2.0098 
2.00982 2.00982 2.00982 2.00982 2.00982 2.00982 2.00982 2.00982 
2.00984 2.00984 2.00984 2.00984 2.00984 2.00984 2.00984 2.00984 
2.00986 2.00986 2.00986 2.00986 2.00986 2.00986 2.00986 2.00986 

2.00001 2.00001 2.00001 2.00001 2.00001 2.00001 2.00001 2.00001 
1.99997 1.99997 1.99997 1.99997 1.99997 1.99997 1.99997 1.99997 
1.99996 1.99996 1.99996 1.99996 1.99996 1.99996 1.99996 1.99996 
1.99997 1.99997 1.99997 1.99997 1.99997 1.99997 1.99997 1.99997 
2.00001 2.00001 2.00001 2.00001 2.00001 2.00001 2.00001 2.00001 
2.00003 2.00003 2.00003 2.00003 2.00003 2.00003 2.00003 2.00003 
2.00003 2.00003 2.00003 2.00003 2.00003 2.00003 2.00003 2.00003 
2.00003 2.00003 2.00003 2.00003 2.00003 2.00003 2.00003 2.00003 

1.99016 1.99016 1.99016 1.99016 1.99016 1.99016 1.99016 1.99016 
1.99014 1.99014 1.99014 1.99014 1.99014 1.99014 1.99014 1.99014 
1.99015 1.99015 1.99015 1.99015 1.99015 1.99015 1.99015 1.99015 
1.99018 1.99018 1.99018 1.99018 1.99018 1.99018 1.99018 1.99018 
1.99021 1.99021 1.99021 1.99021 1.99021 1.99021 1.99021 1.99021 
1.99021 1.99021 1.99021 1.99021 1.99021 1.99021 1.99021 1.99021 
1.9902 1.9902 1.9902 1.9902 1.9902 1.9902 1.9902 1.9902 
1.99018 1.99018 1.99018 1.99018 1.99018 1.99018 1.99018 1.99018 

1.98608 1.98608 1.98608 1.98608 1.98608 1.98608 1.98608 1.98608 
1.98608 1.98608 1.98608 1.98608 1.98608 1.98608 1.98608 1.98608 
1.9861 1.9861 1.9861 1.9861 1.9861 1.9861 1.9861 1.9861 
1.98614 1.98614 1.98614 1.98614 1.98614 1.98614 1.98614 1.98614 
1.98615 1.98615 1.98615 1.98615 1.98615 1.98615 1.98615 1.98615 
1.98614 1.98614 1.98614 1.98614 1.98614 1.98614 1.98614 1.98614 
1.9861 1.9861 1.9861 1.9861 1.9861 1.9861 1.9861 1.9861 
1.98608 1.98608 1.98608 1.98608 1.98608 1.98608 1.98608 1.98608 

1.99016 1.99016 1.99016 1.99016 1.99016 1.99016 1.99016 1.99016 
1.99018 1.99018 1.99018 1.99018 1.99018 1.99018 1.99018 1.99018 
1.9902 1.9902 1.9902 1.9902 1.9902 1.9902 1.9902 1.9902 
1.99021 1.99021 1.99021 1.99021 1.99021 1.99021 1.99021 1.99021 
1.99021 1.99021 1.99021 1.99021 1.99021 1.99021 1.99021 1.99021 
1.99018 1.99018 1.99018 1.99018 1.99018 1.99018 1.99018 1.99018 
1.99015 1.99015 1.99015 1.99015 1.99015 1.99015 1.99015 1.99015 
1.99014 1.99014 1.99014 1.99014 1.99014 1.99014 1.99014 1.99014 

2.00001 2.00001 2.00001 2.00001 2.00001 2.00001 2.00001 2.00001 
2.00003 2.00003 2.00003 2.00003 2.00003 2.00003 2.00003 2.00003 
2.00003 2.00003 2.00003 2.00003 2.00003 2.00003 2.00003 2.00003 
2.00003 2.00003 2.00003 2.00003 2.00003 2.00003 2.00003 2.00003 
2.00001 2.00001 2.00001 2.00001 2.00001 2.00001 2.00001 2.00001 
1.99997 1.99997 1.99997 1.99997 1.99997 1.99997 1.99997 1.99997 
1.99996 1.99996 1.99996 1.99996 1.99996 1.99996 1.99996 1.99996 
1.99997 1.99997 1.99997 1.99997 1.99997 1.99997 1.99997 1.99997 

2.00985 2.00985 2.00985 2.00985 2.00985 2.00985 2.00985 2.00985 
2.00986 2.00986 2.00986 2.00986 2.00986 2.00986 2.00986 2.00986 
2.00984 2.00984 2.00984 2.00984 2.00984 2.00984 2.00984 2.00984 
2.00982 2.00982 2.00982 2.00982 2.00982 2.00982 2.00982 2.00982 
2.0098 2.0098 2.0098 2.0098 2.0098 2.0098 2.0098 2.0098 
2.00979 2.00979 2.00979 2.00979 2.00979 2.00979 2.00979 2.00979 
2.00979 2.00979 2.00979 2.00979 2.00979 2.00979 2.00979 2.00979 
2.00982 2.00982 2.00982 2.00982 2.00982 2.00982 2.00982 2.00982 


2.00937 2.00937 2.00937 2.00937 2.00937 2.00937 2.00937 2.00937 
2.00937 2.00937 2.00937 2.00937 2.00937 2.00937 2.00937 2.00937 
2.00936 2.00936 2.00936 2.00936 2.00936 2.00936 2.00936 2.00936 
2.00935 2.00935 2.00935 2.00935 2.00935 2.00935 2.00935 2.00935 
2.00935 2.00935 2.00935 2.00935 2.00935 2.00935 2.00935 2.00935 
2.00935 2.00935 2.00935 2.00935 2.00935 2.00935 2.00935 2.00935 
2.00936 2.00936 2.00936 2.00936 2.00936 2.00936 2.00936 2.00936 
2.00937 2.00937 2.00937 2.00937 2.00937 2.00937 2.00937 2.00937 

2.00662 2.00662 2.00662 2.00662 2.00662 2.00662 2.00662 2.00662 
2.00662 2.00662 2.00662 2.00662 2.00662 2.00662 2.00662 2.00662 
2.00661 2.00661 2.00661 2.00661 2.00661 2.00661 2.00661 2.00661 
2.00661 2.00661 2.00661 2.00661 2.00661 2.00661 2.00661 2.00661 
2.00661 2.00661 2.00661 2.00661 2.00661 2.00661 2.00661 2.00661 
2.00662 2.00662 2.00662 2.00662 2.00662 2.00662 2.00662 2.00662 
2.00662 2.00662 2.00662 2.00662 2.00662 2.00662 2.00662 2.00662 
2.00663 2.00663 2.00663 2.00663 2.00663 2.00663 2.00663 2.00663 

2 2 2 2 2 2 2 2 
1.99999 1.99999 1.99999 1.99999 1.99999 1.99999 1.99999 1.99999 
1.99999 1.99999 1.99999 1.99999 1.99999 1.99999 1.99999 1.99999 
1.99999 1.99999 1.99999 1.99999 1.99999 1.99999 1.99999 1.99999 
2 2 2 2 2 2 2 2 
2.00001 2.00001 2.00001 2.00001 2.00001 2.00001 2.00001 2.00001 
2.00001 2.00001 2.00001 2.00001 2.00001 2.00001 2.00001 2.00001 
2.00001 2.00001 2.00001 2.00001 2.00001 2.00001 2.00001 2.00001 

1.99338 1.99338 1.99338 1.99338 1.99338 1.99338 1.99338 1.99338 
1.99337 1.99337 1.99337 1.99337 1.99337 1.99337 1.99337 1.99337 
1.99338 1.99338 1.99338 1.99338 1.99338 1.99338 1.99338 1.99338 
1.99338 1.99338 1.99338 1.99338 1.99338 1.99338 1.99338 1.99338 
1.99339 1.99339 1.99339 1.99339 1.99339 1.99339 1.99339 1.99339 
1.99339 1.99339 1.99339 1.99339 1.99339 1.99339 1.99339 1.99339 
1.99339 1.99339 1.99339 1.99339 1.99339 1.99339 1.99339 1.99339 
1.99338 1.99338 1.99338 1.99338 1.99338 1.99338 1.99338 1.99338 

1.99063 1.99063 1.99063 1.99063 1.99063 1.99063 1.99063 1.99063 
1.99063 1.99063 1.99063 1.99063 1.99063 1.99063 1.99063 1.99063 
1.99064 1.99064 1.99064 1.99064 1.99064 1.99064 1.99064 1.99064 
1.99065 1.99065 1.99065 1.99065 1.99065 1.99065 1.99065 1.99065 
1.99065 1.99065 1.99065 1.99065 1.99065 1.99065 1.99065 1.99065 
1.99065 1.99065 1.99065 1.99065 1.99065 1.99065 1.99065 1.99065 
1.99064 1.99064 1.99064 1.99064 1.99064 1.99064 1.99064 1.99064 
1.99063 1.99063 1.99063 1.99063 1.99063 1.99063 1.99063 1.99063 

1.99338 1.99338 1.99338 1.99338 1.99338 1.99338 1.99338 1.99338 
1.99338 1.99338 1.99338 1.99338 1.99338 1.99338 1.99338 1.99338 
1.99339 1.99339 1.99339 1.99339 1.99339 1.99339 1.99339 1.99339 
1.99339 1.99339 1.99339 1.99339 1.99339 1.99339 1.99339 1.99339 
1.99339 1.99339 1.99339 1.99339 1.99339 1.99339 1.99339 1.99339 
1.99338 1.99338 1.99338 1.99338 1.99338 1.99338 1.99338 1.99338 
1.99338 1.99338 1.99338 1.99338 1.99338 1.99338 1.99338 1.99338 
1.99337 1.99337 1.99337 1.99337 1.99337 1.99337 1.99337 1.99337 

2 2 2 2 2 2 2 2 
2.00001 2.00001 2.00001 2.00001 2.00001 2.00001 2.00001 2.00001 
2.00001 2.00001 2.00001 2.00001 2.00001 2.00001 2.00001 2.00001 
2.00001 2.00001 2.00001 2.00001 2.00001 2.00001 2.00001 2.00001 
2 2 2 2 2 2 2 2 
1.99999 1.99999 1.99999 1.99999 1.99999 1.99999 1.99999 1.99999 
1.99999 1.99999 1.99999 1.99999 1.99999 1.99999 1.99999 1.99999 
1.99999 1.99999 1.99999 1.99999 1.99999 1.99999 1.99999 1.99999 

2.00662 2.00662 2.00662 2.00662 2.00662 2.00662 2.00662 2.00662 
2.00663 2.00663 2.00663 2.00663 2.00663 2.00663 2.00663 2.00663 
2.00662 2.00662 2.00662 2.00662 2.00662 2.00662 2.00662 2.00662 
2.00662 2.00662 2.00662 2.00662 2.00662 2.00662 2.00662 2.00662 
2.00661 2.00661 2.00661 2.00661 2.00661 2.00661 2.00661 2.00661 
2.00661 2.00661 2.00661 2.00661 2.00661 2.00661 2.00661 2.00661 
2.00661 2.00661 2.00661 2.00661 2.00661 2.00661 2.00661 2.00661 
2.00662 2.00662 2.00662 2.00662 2.00662 2.00662 2.00662 2.00662 


2.00631 2.00631 2.00631 2.00631 2.00631 2.00631 2.00631 2.00631 
2.00631 2.00631 2.00631 2.00631 2.00631 2.00631 2.00631 2.00631 
2.00631 2.00631 2.00631 2.00631 2.00631 2.00631 2.00631 2.00631 
2.00631 2.00631 2.00631 2.00631 2.00631 2.00631 2.00631 2.00631 
2.00631 2.00631 2.00631 2.00631 2.00631 2.00631 2.00631 2.00631 
2.00631 2.00631 2.00631 2.00631 2.00631 2.00631 2.00631 2.00631 
2.00631 2.00631 2.00631 2.00631 2.00631 2.00631 2.00631 2.00631 
2.00631 2.00631 2.00631 2.00631 2.00631 2.00631 2.00631 2.00631 

2.00446 2.00446 2.00446 2.00446 2.00446 2.00446 2.00446 2.00446 
2.00446 2.00446 2.00446 2.00446 2.00446 2.00446 2.00446 2.00446 
2.00446 2.00446 2.00446 2.00446 2.00446 2.00446 2.00446 2.00446 
2.00446 2.00446 2.00446 2.00446 2.00446 2.00446 2.00446 2.00446 
2.00446 2.00446 2.00446 2.00446 2.00446 2.00446 2.00446 2.00446 
2.00446 2.00446 2.00446 2.00446 2.00446 2.00446 2.00446 2.00446 
2.00446 2.00446 2.00446 2.00446 2.00446 2.00446 2.00446 2.00446 
2.00446 2.00446 2.00446 2.00446 2.00446 2.00446 2.00446 2.00446 

2 2 2 2 2 2 2 2 
2 2 2 2 2 2 2 2 
2 2 2 2 2 2 2 2 
2 2 2 2 2 2 2 2 
2 2 2 2 2 2 2 2 
2 2 2 2 2 2 2 2 
2 2 2 2 2 2 2 2 
2 2 2 2 2 2 2 2 

1.99554 1.99554 1.99554 1.99554 1.99554 1.99554 1.99554 1.99554 
1.99554 1.99554 1.99554 1.99554 1.99554 1.99554 1.99554 1.99554 
1.99554 1.99554 1.99554 1.99554 1.99554 1.99554 1.99554 1.99554 
1.99554 1.99554 1.99554 1.99554 1.99554 1.99554 1.99554 1.99554 
1.99554 1.99554 1.99554 1.99554 1.99554 1.99554 1.99554 1.99554 
1.99554 1.99554 1.99554 1.99554 1.99554 1.99554 1.99554 1.99554 
1.99554 1.99554 1.99554 1.99554 1.99554 1.99554 1.99554 1.99554 
1.99554 1.99554 1.99554 1.99554 1.99554 1.99554 1.99554 1.99554 

1.99369 1.99369 1.99369 1.99369 1.99369 1.99369 1.99369 1.99369 
1.99369 1.99369 1.99369 1.99369 1.99369 1.99369 1.99369 1.99369 
1.99369 1.99369 1.99369 1.99369 1.99369 1.99369 1.99369 1.99369 
1.99369 1.99369 1.99369 1.99369 1.99369 1.99369 1.99369 1.99369 
1.99369 1.99369 1.99369 1.99369 1.99369 1.99369 1.99369 1.99369 
1.99369 1.99369 1.99369 1.99369 1.99369 1.99369 1.99369 1.99369 
1.99369 1.99369 1.99369 1.99369 1.99369 1.99369 1.99369 1.99369 
1.99369 1.99369 1.99369 1.99369 1.99369 1.99369 1.99369 1.99369 

1.99554 1.99554 1.99554 1.99554 1.99554 1.99554 1.99554 1.99554 
1.99554 1.99554 1.99554 1.99554 1.99554 1.99554 1.99554 1.99554 
1.99554 1.99554 1.99554 1.99554 1.99554 1.99554 1.99554 1.99554 
1.99554 1.99554 1.99554 1.99554 1.99554 1.99554 1.99554 1.99554 
1.99554 1.99554 1.99554 1.99554 1.99554 1.99554 1.99554 1.99554 
1.99554 1.99554 1.99554 1.99554 1.99554 1.99554 1.99554 1.99554 
1.99554 1.99554 1.99554 1.99554 1.99554 1.99554 1.99554 1.99554 
1.99554 1.99554 1.99554 1.99554 1.99554 1.99554 1.99554 1.99554 

2 2 2 2 2 2 2 2 
2 2 2 2 2 2 2 2 
2 2 2 2 2 2 2 2 
2 2 2 2 2 2 2 2 
2 2 2 2 2 2 2 2 
2 2 2 2 2 2 2 2 
2 2 2 2 2 2 2 2 
2 2 2 2 2 2 2 2 

2.00446 2.00446 2.00446 2.00446 2.00446 2.00446 2.00446 2.00446 
2.00446 2.00446 2.00446 2.00446 2.00446 2.00446 2.00446 2.00446 
2.00446 2.00446 2.00446 2.00446 2.00446 2.00446 2.00446 2.00446 
2.00446 2.00446 2.00446 2.00446 2.00446 2.00446 2.00446 2.00446 
2.00446 2.00446 2.00446 2.00446 2.00446 2.00446 2.00446 2.00446 
2.00446 2.00446 2.00446 2.00446 2.00446 2.00446 2.00446 2.00446 
2.00446 2.00446 2.00446 2.00446 2.00446 2.00446 2.00446 2.00446 
2.00446 2.00446 2.00446 2.00446 2.00446 2.00446 2.00446 2.00446 


2.00425 2.00425 2.00425 2.00425 2.00425 2.00425 2.00425 2.00425 
2.00425 2.00425 2.00425 2.00425 2.00425 2.00425 2.00425 2.00425 
2.00425 2.00425 2.00425 2.00425 2.00425 2.00425 2.00425 2.00425 
2.00425 2.00425 2.00425 2.00425 2.00425 2.00425 2.00425 2.00425 
2.00425 2.00425 2.00425 2.00425 2.00425 2.00425 2.00425 2.00425 
2.00425 2.00425 2.00425 2.00425 2.00425 2.00425 2.00425 2.00425 
2.00425 2.00425 2.00425 2.00425 2.00425 2.00425 2.00425 2.00425 
2.00425 2.00425 2.00425 2.00425 2.00425 2.00425 2.00425 2.00425 

2.00301 2.00301 2.00301 2.00301 2.00301 2.00301 2.00301 2.00301 
2.00301 2.00301 2.00301 2.00301 2.00301 2.00301 2.00301 2.00301 
2.003 2.003 2.003 2.003 2.003 2.003 2.003 2.003 
2.003 2.003 2.003 2.003 2.003 2.003 2.003 2.003 
2.003 2.003 2.003 2.003 2.003 2.003 2.003 2.003 
2.00301 2.00301 2.00301 2.00301 2.00301 2.00301 2.00301 2.00301 
2.00301 2.00301 2.00301 2.00301 2.00301 2.00301 2.00301 2.00301 
2.00301 2.00301 2.00301 2.00301 2.00301 2.00301 2.00301 2.00301 

2 2 2 2 2 2 2 2 
2 2 2 2 2 2 2 2 
2 2 2 2 2 2 2 2 
2 2 2 2 2 2 2 2 
2 2 2 2 2 2 2 2 
2 2 2 2 2 2 2 2 
2 2 2 2 2 2 2 2 
2 2 2 2 2 2 2 2 

1.99699 1.99699 1.99699 1.99699 1.99699 1.99699 1.99699 1.99699 
1.99699 1.99699 1.99699 1.99699 1.99699 1.99699 1.99699 1.99699 
1.99699 1.99699 1.99699 1.99699 1.99699 1.99699 1.99699 1.99699 
1.99699 1.99699 1.99699 1.99699 1.99699 1.99699 1.99699 1.99699 
1.997 1.997 1.997 1.997 1.997 1.997 1.997 1.997 
1.997 1.997 1.997 1.997 1.997 1.997 1.997 1.997 
1.997 1.997 1.997 1.997 1.997 1.997 1.997 1.997 
1.99699 1.99699 1.99699 1.99699 1.99699 1.99699 1.99699 1.99699 

1.99575 1.99575 1.99575 1.99575 1.99575 1.99575 1.99575 1.99575 
1.99575 1.99575 1.99575 1.99575 1.99575 1.99575 1.99575 1.99575 
1.99575 1.99575 1.99575 1.99575 1.99575 1.99575 1.99575 1.99575 
1.99575 1.99575 1.99575 1.99575 1.99575 1.99575 1.99575 1.99575 
1.99575 1.99575 1.99575 1.99575 1.99575 1.99575 1.99575 1.99575 
1.99575 1.99575 1.99575 1.99575 1.99575 1.99575 1.99575 1.99575 
1.99575 1.99575 1.99575 1.99575 1.99575 1.99575 1.99575 1.99575 
1.99575 1.99575 1.99575 1.99575 1.99575 1.99575 1.99575 1.99575 

1.99699 1.99699 1.99699 1.99699 1.99699 1.99699 1.99699 1.99699 
1.99699 1.99699 1.99699 1.99699 1.99699 1.99699 1.99699 1.99699 
1.997 1.997 1.997 1.997 1.997 1.997 1.997 1.997 
1.997 1.997 1.997 1.997 1.997 1.997 1.997 1.997 
1.997 1.997 1.997 1.997 1.997 1.997 1.997 1.997 
1.99699 1.99699 1.99699 1.99699 1.99699 1.99699 1.99699 1.99699 
1.99699 1.99699 1.99699 1.99699 1.99699 1.99699 1.99699 1.99699 
1.99699 1.99699 1.99699 1.99699 1.99699 1.99699 1.99699 1.99699 

2 2 2 2 2 2 2 2 
2 2 2 2 2 2 2 2 
2 2 2 2 2 2 2 2 
2 2 2 2 2 2 2 2 
2 2 2 2 2 2 2 2 
2 2 2 2 2 2 2 2 
2 2 2 2 2 2 2 2 
2 2 2 2 2 2 2 2 

2.00301 2.00301 2.00301 2.00301 2.00301 2.00301 2.00301 2.00301 
2.00301 2.00301 2.00301 2.00301 2.00301 2.00301 2.00301 2.00301 
2.00301 2.00301 2.00301 2.00301 2.00301 2.00301 2.00301 2.00301 
2.00301 2.00301 2.00301 2.00301 2.00301 2.00301 2.00301 2.00301 
2.003 2.003 2.003 2.003 2.003 2.003 2.003 2.003 
2.003 2.003 2.003 2.003 2.003 2.003 2.003 2.003 
2.003 2.003 2.003 2.003 2.003 2.003 2.003 2.003 
2.00301 2.00301 2.00301 2.00301 2.00301 2.00301 2.00301 2.00301 


2.00286 2.00286 2.00286 2.00286 2.00286 2.00286 2.00286 2.00286 
2.00286 2.00286 2.00286 2.00286 2.00286 2.00286 2.00286 2.00286 
2.00286 2.00286 2.00286 2.00286 2.00286 2.00286 2.00286 2.00286 
2.00286 2.00286 2.00286 2.00286 2.00286 2.00286 2.00286 2.00286 
2.00286 2.00286 2.00286 2.00286 2.00286 2.00286 2.00286 2.00286 
2.00286 2.00286 2.00286 2.00286 2.00286 2.00286 2.00286 2.00286 
2.00286 2.00286 2.00286 2.00286 2.00286 2.00286 2.00286 2.00286 
2.00286 2.00286 2.00286 2.00286 2.00286 2.00286 2.00286 2.00286 

2.00202 2.00202 2.00202 2.00202 2.00202 2.00202 2.00202 2.00202 
2.00202 2.00202 2.00202 2.00202 2.00202 2.00202 2.00202 2.00202 
2.00202 2.00202 2.00202 2.00202 2.00202 2.00202 2.00202 2.00202 
2.00202 2.00202 2.00202 2.00202 2.00202 2.00202 2.00202 2.00202 
2.00202 2.00202 2.00202 2.00202 2.00202 2.00202 2.00202 2.00202 
2.00202 2.00202 2.00202 2.00202 2.00202 2.00202 2.00202 2.00202 
2.00202 2.00202 2.00202 2.00202 2.00202 2.00202 2.00202 2.00202 
2.00203 2.00203 2.00203 2.00203 2.00203 2.00203 2.00203 2.00203 

2 2 2 2 2 2 2 2 
2 2 2 2 2 2 2 2 
2 2 2 2 2 2 2 2 
2 2 2 2 2 2 2 2 
2 2 2 2 2 2 2 2 
2 2 2 2 2 2 2 2 
2 2 2 2 2 2 2 2 
2 2 2 2 2 2 2 2 

1.99798 1.99798 1.99798 1.99798 1.99798 1.99798 1.99798 1.99798 
1.99797 1.99797 1.99797 1.99797 1.99797 1.99797 1.99797 1.99797 
1.99798 1.99798 1.99798 1.99798 1.99798 1.99798 1.99798 1.99798 
1.99798 1.99798 1.99798 1.99798 1.99798 1.99798 1.99798 1.99798 
1.99798 1.99798 1.99798 1.99798 1.99798 1.99798 1.99798 1.99798 
1.99798 1.99798 1.99798 1.99798 1.99798 1.99798 1.99798 1.99798 
1.99798 1.99798 1.99798 1.99798 1.99798 1.99798 1.99798 1.99798 
1.99798 1.99798 1.99798 1.99798 1.99798 1.99798 1.99798 1.99798 

1.99714 1.99714 1.99714 1.99714 1.99714 1.99714 1.99714 1.99714 
1.99714 1.99714 1.99714 1.99714 1.99714 1.99714 1.99714 1.99714 
1.99714 1.99714 1.99714 1.99714 1.99714 1.99714 1.99714 1.99714 
1.99714 1.99714 1.99714 1.99714 1.99714 1.99714 1.99714 1.99714 
1.99714 1.99714 1.99714 1.99714 1.99714 1.99714 1.99714 1.99714 
1.99714 1.99714 1.99714 1.99714 1.99714 1.99714 1.99714 1.99714 
1.99714 1.99714 1.99714 1.99714 1.99714 1.99714 1.99714 1.99714 
1.99714 1.99714 1.99714 1.99714 1.99714 1.99714 1.99714 1.99714 

1.99798 1.99798 1.99798 1.99798 1.99798 1.99798 1.99798 1.99798 
1.99798 1.99798 1.99798 1.99798 1.99798 1.99798 1.99798 1.99798 
1.99798 1.99798 1.99798 1.99798 1.99798 1.99798 1.99798 1.99798 
1.99798 1.99798 1.99798 1.99798 1.99798 1.99798 1.99798 1.99798 
1.99798 1.99798 1.99798 1.99798 1.99798 1.99798 1.99798 1.99798 
1.99798 1.99798 1.99798 1.99798 1.99798 1.99798 1.99798 1.99798 
1.99798 1.99798 1.99798 1.99798 1.99798 1.99798 1.99798 1.99798 
1.99797 1.99797 1.99797 1.99797 1.99797 1.99797 1.99797 1.99797 

2 2 2 2 2 2 2 2 
2 2 2 2 2 2 2 2 
2 2 2 2 2 2 2 2 
2 2 2 2 2 2 2 2 
2 2 2 2 2 2 2 2 
2 2 2 2 2 2 2 2 
2 2 2 2 2 2 2 2 
2 2 2 2 2 2 2 2 

2.00202 2.00202 2.00202 2.00202 2.00202 2.00202 2.00202 2.00202 
2.00203 2.00203 2.00203 2.00203 2.00203 2.00203 2.00203 2.00203 
2.00202 2.00202 2.00202 2.00202 2.00202 2.00202 2.00202 2.00202 
2.00202 2.00202 2.00202 2.00202 2.00202 2.00202 2.00202 2.00202 
2.00202 2.00202 2.00202 2.00202 2.00202 2.00202 2.00202 2.00202 
2.00202 2.00202 2.00202 2.00202 2.00202 2.00202 2.00202 2.00202 
2.00202 2.00202 2.00202 2.00202 2.00202 2.00202 2.00202 2.00202 
2.00202 2.00202 2.00202 2.00202 2.00202 2.00202 2.00202 2.00202 


2.00193 2.00193 2.00193 2.00193 2.00193 2.00193 2.00193 2.00193 
2.00193 2.00193 2.00193 2.00193 2.00193 2.00193 2.00193 2.00193 
2.00193 2.00193 2.00193 2.00193 2.00193 2.00193 2.00193 2.00193 
2.00193 2.00193 2.00193 2.00193 2.00193 2.00193 2.00193 2.00193 
2.00193 2.00193 2.00193 2.00193 2.00193 2.00193 2.00193 2.00193 
2.00193 2.00193 2.00193 2.00193 2.00193 2.00193 2.00193 2.00193 
2.00193 2.00193 2.00193 2.00193 2.00193 2.00193 2.00193 2.00193 
2.00193 2.00193 2.00193 2.00193 2.00193 2.00193 2.00193 2.00193 

2.00136 2.00136 2.00136 2.00136 2.00136 2.00136 2.00136 2.00136 
2.00136 2.00136 2.00136 2.00136 2.00136 2.00136 2.00136 2.00136 
2.00136 2.00136 2.00136 2.00136 2.00136 2.00136 2.00136 2.00136 
2.00136 2.00136 2.00136 2.00136 2.00136 2.00136 2.00136 2.00136 
2.00136 2.00136 2.00136 2.00136 2.00136 2.00136 2.00136 2.00136 
2.00136 2.00136 2.00136 2.00136 2.00136 2.00136 2.00136 2.00136 
2.00136 2.00136 2.00136 2.00136 2.00136 2.00136 2.00136 2.00136 
2.00136 2.00136 2.00136 2.00136 2.00136 2.00136 2.00136 2.00136 

2 2 2 2 2 2 2 2 
2 2 2 2 2 2 2 2 
2 2 2 2 2 2 2 2 
2 2 2 2 2 2 2 2 
2 2 2 2 2 2 2 2 
2 2 2 2 2 2 2 2 
2 2 2 2 2 2 2 2 
2 2 2 2 2 2 2 2 

1.99864 1.99864 1.99864 1.99864 1.99864 1.99864 1.99864 1.99864 
1.99864 1.99864 1.99864 1.99864 1.99864 1.99864 1.99864 1.99864 
1.99864 1.99864 1.99864 1.99864 1.99864 1.99864 1.99864 1.99864 
1.99864 1.99864 1.99864 1.99864 1.99864 1.99864 1.99864 1.99864 
1.99864 1.99864 1.99864 1.99864 1.99864 1.99864 1.99864 1.99864 
1.99864 1.99864 1.99864 1.99864 1.99864 1.99864 1.99864 1.99864 
1.99864 1.99864 1.99864 1.99864 1.99864 1.99864 1.99864 1.99864 
1.99864 1.99864 1.99864 1.99864 1.99864 1.99864 1.99864 1.99864 

1.99807 1.99807 1.99807 1.99807 1.99807 1.99807 1.99807 1.99807 
1.99807 1.99807 1.99807 1.99807 1.99807 1.99807 1.99807 1.99807 
1.99807 1.99807 1.99807 1.99807 1.99807 1.99807 1.99807 1.99807 
1.99807 1.99807 1.99807 1.99807 1.99807 1.99807 1.99807 1.99807 
1.99807 1.99807 1.99807 1.99807 1.99807 1.99807 1.99807 1.99807 
1.99807 1.99807 1.99807 1.99807 1.99807 1.99807 1.99807 1.99807 
1.99807 1.99807 1.99807 1.99807 1.99807 1.99807 1.99807 1.99807 
1.99807 1.99807 1.99807 1.99807 1.99807 1.99807 1.99807 1.99807 

1.99864 1.99864 1.99864 1.99864 1.99864 1.99864 1.99864 1.99864 
1.99864 1.99864 1.99864 1.99864 1.99864 1.99864 1.99864 1.99864 
1.99864 1.99864 1.99864 1.99864 1.99864 1.99864 1.99864 1.99864 
1.99864 1.99864 1.99864 1.99864 1.99864 1.99864 1.99864 1.99864 
1.99864 1.99864 1.99864 1.99864 1.99864 1.99864 1.99864 1.99864 
1.99864 1.99864 1.99864 1.99864 1.99864 1.99864 1.99864 1.99864 
1.99864 1.99864 1.99864 1.99864 1.99864 1.99864 1.99864 1.99864 
1.99864 1.99864 1.99864 1.99864 1.99864 1.99864 1.99864 1.99864 

2 2 2 2 2 2 2 2 
2 2 2 2 2 2 2 2 
2 2 2 2 2 2 2 2 
2 2 2 2 2 2 2 2 
2 2 2 2 2 2 2 2 
2 2 2 2 2 2 2 2 
2 2 2 2 2 2 2 2 
2 2 2 2 2 2 2 2 

2.00136 2.00136 2.00136 2.00136 2.00136 2.00136 2.00136 2.00136 
2.00136 2.00136 2.00136 2.00136 2.00136 2.00136 2.00136 2.00136 
2.00136 2.00136 2.00136 2.00136 2.00136 2.00136 2.00136 2.00136 
2.00136 2.00136 2.00136 2.00136 2.00136 2.00136 2.00136 2.00136 
2.00136 2.00136 2.00136 2.00136 2.00136 2.00136 2.00136 2.00136 
2.00136 2.00136 2.00136 2.00136 2.00136 2.00136 2.00136 2.00136 
2.00136 2.00136 2.00136 2.00136 2.00136 2.00136 2.00136 2.00136 
2.00136 2.00136 2.00136 2.00136 2.00136 2.00136 2.00136 2.00136 


